8.920384587480602034e-01 3.009285577970420844e-01 4.167344919663893421e-01 4.564227299747772859e-01 9.785312807542524416e-01 7.470364394561027632e-01 9.874016405458213574e-01 4.157765068620622451e-01 9.105364343098161228e-01 1.632349927100270603e-01 3.483316675887720981e-01 8.015010135302760297e-01 7.309209704991748158e-01 7.673094498892791826e-01 6.104725684688214749e-01
4.015122742958372459e-01 6.202146510946026092e-01 2.668382374419007164e-01 1.230356387557671738e-01 2.069538385963540783e-01 9.724630968228209493e-01 8.049785982510448967e-01 8.515625864673326273e-01 5.559967667058134388e-01 1.128102388158049862e-01 4.885390935341478169e-01 9.636977046477048781e-01 2.474093820467248017e-01 5.209601123380876997e-01 1.780995467669103105e-01
3.795891107585114277e-02 5.091817933048535805e-01 6.137011187824666925e-01 8.895066175037543710e-01 4.359607808056922273e-01 1.802518079601629353e-01 8.064220195849214345e-01 1.197471923298936147e-01 3.838218019318508922e-01 4.662077555318833166e-01 1.400556932498818741e-01 3.758832898739613571e-01 2.460863849845548179e-01 9.710839115519538378e-01 1.202369822020972201e-01
9.948903546803459230e-01 2.292981371015746506e-01 2.037576830163646546e-01 5.139747935483602870e-01 7.383999935277039128e-01 2.099512145138652253e-01 5.538844573589668530e-01 3.000594080069926006e-01 4.403347604493447198e-01 9.667856115197966949e-01 3.078855294614513127e-02 5.105812569866304829e-01 5.258042931090985972e-01 8.389709266797275022e-01 3.523191377286014614e-01
2.289518164705138803e-01 5.987680894785586405e-01 9.610841297861744126e-01 1.793261298566004580e-01 2.736748543431068992e-01 5.221584473901256240e-01 4.849001067060474401e-01 7.393081541211721230e-01 3.526478778079095155e-01 4.338029726385816964e-02 4.821923958304799029e-01 1.363988808591793944e-01 6.187400438761404553e-01 5.708156719911438026e-01 5.401388707836239922e-01
5.397492619504397071e-01 2.436373998753881276e-01 2.410033185041996484e-01 7.551116292181747625e-02 3.652337231272136941e-01 4.415143468306667041e-01 7.009215129769642560e-01 9.755729719938461830e-01 1.993295279872708825e-01 4.136109443975022337e-03 6.655255154365387060e-01 1.871403678177442353e-01 1.368142380168366756e-01 3.542537493013034888e-01 9.700096496573495930e-02
4.702130476804110559e-01 6.092494856842355366e-01 8.362129929421567853e-01 3.438563441834409096e-01 7.535947661708464196e-01 2.741297767875549019e-01 5.122203388008759184e-01 7.046981765597772895e-01 4.851558804108543344e-01 9.884413954412153425e-01 9.525980201105326284e-01 6.842676687121196366e-02 6.533694825371006987e-01 8.593503819619616735e-01 6.972823065400030051e-01
9.842640105118657390e-01 4.953960859151045337e-01 2.619324548314024836e-01 6.531993412427645751e-01 3.084517863534019799e-01 3.419443946766447251e-01 9.233893231302808813e-01 9.535589422463794929e-01 9.387757415381112747e-01 3.257069666321480428e-01 3.670640615601414858e-01 5.199716675860384107e-01 3.529259911975699548e-01 1.926786717195411169e-01 5.289661498782601834e-01
3.853835793330435688e-01 4.695505389771774674e-01 5.048369873299218824e-02 8.368793373501471899e-01 7.352617628438162800e-01 5.769466024715730335e-03 6.384726440309484996e-01 2.707737106722725162e-01 7.264006117856605105e-01 6.688754036252709811e-01 1.683647919237493129e-01 4.420506706601190494e-02 3.712239151508014423e-01 4.452710645154076552e-01 1.257183315660260758e-01
7.157460407839422167e-01 7.342222040120627291e-02 9.928212356634725788e-01 3.566652354891971521e-01 4.643546931720029525e-01 4.499223496462128047e-01 5.052337507721130772e-01 6.865017834441922151e-02 8.501356237938936244e-01 8.669959204905490768e-01 8.781869770599369796e-01 3.567474813612296902e-01 2.522765190705286154e-01 1.954387211584476258e-01 5.428670919266911365e-01
6.106690681177424640e-01 2.766003434372285019e-01 7.531600161509240943e-01 9.151396157620739213e-01 3.537767792008779111e-01 7.983745089916199911e-01 8.382691465301754796e-01 2.937298344936741801e-01 4.373234422055173320e-01 9.089059981467325633e-01 8.227559891620057630e-01 8.396163467569072170e-01 3.206241210129040509e-01 4.164968224719255430e-01 4.533641852200595013e-01
9.198882352059722933e-01 3.905009316628738070e-01 1.084596364791612366e-02 8.031002810131809833e-01 1.547857298668314785e-01 4.785023582181879842e-02 4.295367083096872651e-01 2.702697735136445623e-01 9.762959144437700632e-01 8.715193317373912674e-01 8.896735831462957433e-01 6.108072086689397828e-02 6.777443487307869274e-01 1.608986983129504500e-01 4.286291713090771838e-01
8.448897696294802584e-01 9.029299761306498473e-01 6.602218858226092113e-01 5.400995348451749223e-01 5.354011829110694176e-02 5.927778406475593398e-01 2.715412826463800000e-01 2.747942899582448417e-01 9.818663683271244835e-02 8.699764159418905685e-01 1.492882909673935998e-01 4.187729676133157275e-01 3.875800571205868517e-01 6.983801528359658839e-01 9.750768790982221601e-01
6.747178713408621409e-01 3.298901786639385492e-02 5.319706380051314465e-02 8.067354380487578025e-01 1.408585291366317716e-01 3.344990180823105286e-01 5.186524692796832259e-01 1.136531580944505349e-01 7.121047501769439680e-01 7.771204800881266195e-01 3.712635985236648617e-01 4.598835105114568167e-01 6.254106085191343256e-01 5.118891156823929256e-01 9.169055658873040970e-01
6.316852077670730425e-01 2.233544160613115670e-01 4.137563626370348580e-01 7.541971845900846683e-01 5.777963788476340179e-01 6.462544570208625938e-01 4.393236342494127866e-01 8.915969016058123975e-01 1.585019663160947001e-01 9.995469805270026376e-01 4.613691503346356582e-01 6.273347014894264939e-01 9.652420619124670864e-01 4.082262944691384954e-01 9.466472497306165357e-01
